
PARAMETROS DO SA
RODADA =  1 
FO =  40 
MAXMBL =  5000
MAXGERACAO =  200 
PENALIZACAO =  1000 
MAXMELHORA =  10 
MAXESTACAO =  15 
MAXTAREFA =  35 
alfa =  0.975000 
TC =  0.001000 
SAmax =  1000 
T0 =  20000.000000 
TEMPO SEM SEGUNDOS 85.000000 


PARAMETROS DO SA
RODADA =  2 
FO =  42 
MAXMBL =  5000
MAXGERACAO =  200 
PENALIZACAO =  1000 
MAXMELHORA =  10 
MAXESTACAO =  15 
MAXTAREFA =  35 
alfa =  0.975000 
TC =  0.001000 
SAmax =  1000 
T0 =  20000.000000 
TEMPO SEM SEGUNDOS 88.000000 

